12
1211
121174
12117412
1211741258
121174125824
12117412582473
1211741258247388
121174125824738811
1211741258247388114
121174125824738811423
12117412582473881142394
1211741258247388114239490
12117412582473881142394909
1211741258247388114239490957
121174125824738811423949095758
12117412582473881142394909575888
1211741258247388114239490957588874
12117412582473881142394909575888740
1211741258247388114239490957588874081
121174125824738811423949095758887408195
12117412582473881142394909575888740819530
1211741258247388114239490957588874081953030
121174125824738811423949095758887408195303031
12117412582473881142394909575888740819530303139
1211741258247388114239490957588874081953030313915
121174125824738811423949095758887408195303031391582
12117412582473881142394909575888740819530303139158221
1211741258247388114239490957588874081953030313915822112
121174125824738811423949095758887408195303031391582211268
12117412582473881142394909575888740819530303139158221126891
1211741258247388114239490957588874081953030313915822112689136
121174125824738811423949095758887408195303031391582211268913696
12117412582473881142394909575888740819530303139158221126891369655
1211741258247388114239490957588874081953030313915822112689136965599
121174125824738811423949095758887408195303031391582211268913696559921
1211741258247388114239490957588874081953030313915822112689136965599215
121174125824738811423949095758887408195303031391582211268913696559921550
12117412582473881142394909575888740819530303139158221126891369655992155054
1211741258247388114239490957588874081953030313915822112689136965599215505421
121174125824738811423949095758887408195303031391582211268913696559921550542175
12117412582473881142394909575888740819530303139158221126891369655992155054217545
1211741258247388114239490957588874081953030313915822112689136965599215505421754581
121174125824738811423949095758887408195303031391582211268913696559921550542175458177
12117412582473881142394909575888740819530303139158221126891369655992155054217545817774
121174125824738811423949095758887408195303031391582211268913696559921550542175458177745
12117412582473881142394909575888740819530303139158221126891369655992155054217545817774553
121174125824738811423949095758887408195303031391582211268913696559921550542175458177745533
12117412582473881142394909575888740819530303139158221126891369655992155054217545817774553319
1211741258247388114239490957588874081953030313915822112689136965599215505421754581777455331953
121174125824738811423949095758887408195303031391582211268913696559921550542175458177745533195385
1211741258247388114239490957588874081953030313915822112689136965599215505421754581777455331953852
121174125824738811423949095758887408195303031391582211268913696559921550542175458177745533195385211
12117412582473881142394909575888740819530303139158221126891369655992155054217545817774553319538521170
1211741258247388114239490957588874081953030313915822112689136965599215505421754581777455331953852117075
121174125824738811423949095758887408195303031391582211268913696559921550542175458177745533195385211707543
12117412582473881142394909575888740819530303139158221126891369655992155054217545817774553319538521170754392
1211741258247388114239490957588874081953030313915822112689136965599215505421754581777455331953852117075439248
121174125824738811423949095758887408195303031391582211268913696559921550542175458177745533195385211707543924886
12117412582473881142394909575888740819530303139158221126891369655992155054217545817774553319538521170754392488628
1211741258247388114239490957588874081953030313915822112689136965599215505421754581777455331953852117075439248862886
121174125824738811423949095758887408195303031391582211268913696559921550542175458177745533195385211707543924886288696
12117412582473881142394909575888740819530303139158221126891369655992155054217545817774553319538521170754392488628869689
1211741258247388114239490957588874081953030313915822112689136965599215505421754581777455331953852117075439248862886968911
12117412582473881142394909575888740819530303139158221126891369655992155054217545817774553319538521170754392488628869689112
1211741258247388114239490957588874081953030313915822112689136965599215505421754581777455331953852117075439248862886968911244
121174125824738811423949095758887408195303031391582211268913696559921550542175458177745533195385211707543924886288696891124476
12117412582473881142394909575888740819530303139158221126891369655992155054217545817774553319538521170754392488628869689112447637
1211741258247388114239490957588874081953030313915822112689136965599215505421754581777455331953852117075439248862886968911244763784
121174125824738811423949095758887408195303031391582211268913696559921550542175458177745533195385211707543924886288696891124476378459
12117412582473881142394909575888740819530303139158221126891369655992155054217545817774553319538521170754392488628869689112447637845983
1211741258247388114239490957588874081953030313915822112689136965599215505421754581777455331953852117075439248862886968911244763784598395
121174125824738811423949095758887408195303031391582211268913696559921550542175458177745533195385211707543924886288696891124476378459839519
12117412582473881142394909575888740819530303139158221126891369655992155054217545817774553319538521170754392488628869689112447637845983951950
1211741258247388114239490957588874081953030313915822112689136965599215505421754581777455331953852117075439248862886968911244763784598395195078
121174125824738811423949095758887408195303031391582211268913696559921550542175458177745533195385211707543924886288696891124476378459839519507873
12117412582473881142394909575888740819530303139158221126891369655992155054217545817774553319538521170754392488628869689112447637845983951950787351
1211741258247388114239490957588874081953030313915822112689136965599215505421754581777455331953852117075439248862886968911244763784598395195078735158
121174125824738811423949095758887408195303031391582211268913696559921550542175458177745533195385211707543924886288696891124476378459839519507873515877
12117412582473881142394909575888740819530303139158221126891369655992155054217545817774553319538521170754392488628869689112447637845983951950787351587781
1211741258247388114239490957588874081953030313915822112689136965599215505421754581777455331953852117075439248862886968911244763784598395195078735158778195
12117412582473881142394909575888740819530303139158221126891369655992155054217545817774553319538521170754392488628869689112447637845983951950787351587781958
1211741258247388114239490957588874081953030313915822112689136965599215505421754581777455331953852117075439248862886968911244763784598395195078735158778195834
121174125824738811423949095758887408195303031391582211268913696559921550542175458177745533195385211707543924886288696891124476378459839519507873515877819583436
12117412582473881142394909575888740819530303139158221126891369655992155054217545817774553319538521170754392488628869689112447637845983951950787351587781958343643
1211741258247388114239490957588874081953030313915822112689136965599215505421754581777455331953852117075439248862886968911244763784598395195078735158778195834364397
121174125824738811423949095758887408195303031391582211268913696559921550542175458177745533195385211707543924886288696891124476378459839519507873515877819583436439763
12117412582473881142394909575888740819530303139158221126891369655992155054217545817774553319538521170754392488628869689112447637845983951950787351587781958343643976324
1211741258247388114239490957588874081953030313915822112689136965599215505421754581777455331953852117075439248862886968911244763784598395195078735158778195834364397632485
121174125824738811423949095758887408195303031391582211268913696559921550542175458177745533195385211707543924886288696891124476378459839519507873515877819583436439763248563
1211741258247388114239490957588874081953030313915822112689136965599215505421754581777455331953852117075439248862886968911244763784598395195078735158778195834364397632485638
121174125824738811423949095758887408195303031391582211268913696559921550542175458177745533195385211707543924886288696891124476378459839519507873515877819583436439763248563820
12117412582473881142394909575888740819530303139158221126891369655992155054217545817774553319538521170754392488628869689112447637845983951950787351587781958343643976324856382090
1211741258247388114239490957588874081953030313915822112689136965599215505421754581777455331953852117075439248862886968911244763784598395195078735158778195834364397632485638209024
121174125824738811423949095758887408195303031391582211268913696559921550542175458177745533195385211707543924886288696891124476378459839519507873515877819583436439763248563820902490
12117412582473881142394909575888740819530303139158221126891369655992155054217545817774553319538521170754392488628869689112447637845983951950787351587781958343643976324856382090249041
1211741258247388114239490957588874081953030313915822112689136965599215505421754581777455331953852117075439248862886968911244763784598395195078735158778195834364397632485638209024904119
121174125824738811423949095758887408195303031391582211268913696559921550542175458177745533195385211707543924886288696891124476378459839519507873515877819583436439763248563820902490411964
12117412582473881142394909575888740819530303139158221126891369655992155054217545817774553319538521170754392488628869689112447637845983951950787351587781958343643976324856382090249041196477
1211741258247388114239490957588874081953030313915822112689136965599215505421754581777455331953852117075439248862886968911244763784598395195078735158778195834364397632485638209024904119647765
121174125824738811423949095758887408195303031391582211268913696559921550542175458177745533195385211707543924886288696891124476378459839519507873515877819583436439763248563820902490411964776584
12117412582473881142394909575888740819530303139158221126891369655992155054217545817774553319538521170754392488628869689112447637845983951950787351587781958343643976324856382090249041196477658493
121174125824738811423949095758887408195303031391582211268913696559921550542175458177745533195385211707543924886288696891124476378459839519507873515877819583436439763248563820902490411964776584933
12117412582473881142394909575888740819530303139158221126891369655992155054217545817774553319538521170754392488628869689112447637845983951950787351587781958343643976324856382090249041196477658493358
1211741258247388114239490957588874081953030313915822112689136965599215505421754581777455331953852117075439248862886968911244763784598395195078735158778195834364397632485638209024904119647765849335831
121174125824738811423949095758887408195303031391582211268913696559921550542175458177745533195385211707543924886288696891124476378459839519507873515877819583436439763248563820902490411964776584933583138
12117412582473881142394909575888740819530303139158221126891369655992155054217545817774553319538521170754392488628869689112447637845983951950787351587781958343643976324856382090249041196477658493358313891
121174125824738811423949095758887408195303031391582211268913696559921550542175458177745533195385211707543924886288696891124476378459839519507873515877819583436439763248563820902490411964776584933583138916
12117412582473881142394909575888740819530303139158221126891369655992155054217545817774553319538521170754392488628869689112447637845983951950787351587781958343643976324856382090249041196477658493358313891660
1211741258247388114239490957588874081953030313915822112689136965599215505421754581777455331953852117075439248862886968911244763784598395195078735158778195834364397632485638209024904119647765849335831389166020
12117412582473881142394909575888740819530303139158221126891369655992155054217545817774553319538521170754392488628869689112447637845983951950787351587781958343643976324856382090249041196477658493358313891660203
1211741258247388114239490957588874081953030313915822112689136965599215505421754581777455331953852117075439248862886968911244763784598395195078735158778195834364397632485638209024904119647765849335831389166020339
121174125824738811423949095758887408195303031391582211268913696559921550542175458177745533195385211707543924886288696891124476378459839519507873515877819583436439763248563820902490411964776584933583138916602033969
1211741258247388114239490957588874081953030313915822112689136965599215505421754581777455331953852117075439248862886968911244763784598395195078735158778195834364397632485638209024904119647765849335831389166020339694
121174125824738811423949095758887408195303031391582211268913696559921550542175458177745533195385211707543924886288696891124476378459839519507873515877819583436439763248563820902490411964776584933583138916602033969414
12117412582473881142394909575888740819530303139158221126891369655992155054217545817774553319538521170754392488628869689112447637845983951950787351587781958343643976324856382090249041196477658493358313891660203396941425
121174125824738811423949095758887408195303031391582211268913696559921550542175458177745533195385211707543924886288696891124476378459839519507873515877819583436439763248563820902490411964776584933583138916602033969414257
12117412582473881142394909575888740819530303139158221126891369655992155054217545817774553319538521170754392488628869689112447637845983951950787351587781958343643976324856382090249041196477658493358313891660203396941425760
1211741258247388114239490957588874081953030313915822112689136965599215505421754581777455331953852117075439248862886968911244763784598395195078735158778195834364397632485638209024904119647765849335831389166020339694142576049
121174125824738811423949095758887408195303031391582211268913696559921550542175458177745533195385211707543924886288696891124476378459839519507873515877819583436439763248563820902490411964776584933583138916602033969414257604928
12117412582473881142394909575888740819530303139158221126891369655992155054217545817774553319538521170754392488628869689112447637845983951950787351587781958343643976324856382090249041196477658493358313891660203396941425760492897
121174125824738811423949095758887408195303031391582211268913696559921550542175458177745533195385211707543924886288696891124476378459839519507873515877819583436439763248563820902490411964776584933583138916602033969414257604928970
1211741258247388114239490957588874081953030313915822112689136965599215505421754581777455331953852117075439248862886968911244763784598395195078735158778195834364397632485638209024904119647765849335831389166020339694142576049289707
121174125824738811423949095758887408195303031391582211268913696559921550542175458177745533195385211707543924886288696891124476378459839519507873515877819583436439763248563820902490411964776584933583138916602033969414257604928970727
12117412582473881142394909575888740819530303139158221126891369655992155054217545817774553319538521170754392488628869689112447637845983951950787351587781958343643976324856382090249041196477658493358313891660203396941425760492897072756
1211741258247388114239490957588874081953030313915822112689136965599215505421754581777455331953852117075439248862886968911244763784598395195078735158778195834364397632485638209024904119647765849335831389166020339694142576049289707275629
12117412582473881142394909575888740819530303139158221126891369655992155054217545817774553319538521170754392488628869689112447637845983951950787351587781958343643976324856382090249041196477658493358313891660203396941425760492897072756295
121174125824738811423949095758887408195303031391582211268913696559921550542175458177745533195385211707543924886288696891124476378459839519507873515877819583436439763248563820902490411964776584933583138916602033969414257604928970727562958
12117412582473881142394909575888740819530303139158221126891369655992155054217545817774553319538521170754392488628869689112447637845983951950787351587781958343643976324856382090249041196477658493358313891660203396941425760492897072756295831
1211741258247388114239490957588874081953030313915822112689136965599215505421754581777455331953852117075439248862886968911244763784598395195078735158778195834364397632485638209024904119647765849335831389166020339694142576049289707275629583146
121174125824738811423949095758887408195303031391582211268913696559921550542175458177745533195385211707543924886288696891124476378459839519507873515877819583436439763248563820902490411964776584933583138916602033969414257604928970727562958314632
121174125824738811423949095758887408195303031391582211268913696559921550542175458177745533195385211707543924886288696891124476378459839519507873515877819583436439763248563820902490411964776584933583138916602033969414257604928970727562958314632100
12117412582473881142394909575888740819530303139158221126891369655992155054217545817774553319538521170754392488628869689112447637845983951950787351587781958343643976324856382090249041196477658493358313891660203396941425760492897072756295831463210018
1211741258247388114239490957588874081953030313915822112689136965599215505421754581777455331953852117075439248862886968911244763784598395195078735158778195834364397632485638209024904119647765849335831389166020339694142576049289707275629583146321001899
121174125824738811423949095758887408195303031391582211268913696559921550542175458177745533195385211707543924886288696891124476378459839519507873515877819583436439763248563820902490411964776584933583138916602033969414257604928970727562958314632100189969
12117412582473881142394909575888740819530303139158221126891369655992155054217545817774553319538521170754392488628869689112447637845983951950787351587781958343643976324856382090249041196477658493358313891660203396941425760492897072756295831463210018996937
1211741258247388114239490957588874081953030313915822112689136965599215505421754581777455331953852117075439248862886968911244763784598395195078735158778195834364397632485638209024904119647765849335831389166020339694142576049289707275629583146321001899693740
121174125824738811423949095758887408195303031391582211268913696559921550542175458177745533195385211707543924886288696891124476378459839519507873515877819583436439763248563820902490411964776584933583138916602033969414257604928970727562958314632100189969374055
12117412582473881142394909575888740819530303139158221126891369655992155054217545817774553319538521170754392488628869689112447637845983951950787351587781958343643976324856382090249041196477658493358313891660203396941425760492897072756295831463210018996937405525
1211741258247388114239490957588874081953030313915822112689136965599215505421754581777455331953852117075439248862886968911244763784598395195078735158778195834364397632485638209024904119647765849335831389166020339694142576049289707275629583146321001899693740552586
121174125824738811423949095758887408195303031391582211268913696559921550542175458177745533195385211707543924886288696891124476378459839519507873515877819583436439763248563820902490411964776584933583138916602033969414257604928970727562958314632100189969374055258624
12117412582473881142394909575888740819530303139158221126891369655992155054217545817774553319538521170754392488628869689112447637845983951950787351587781958343643976324856382090249041196477658493358313891660203396941425760492897072756295831463210018996937405525862444
121174125824738811423949095758887408195303031391582211268913696559921550542175458177745533195385211707543924886288696891124476378459839519507873515877819583436439763248563820902490411964776584933583138916602033969414257604928970727562958314632100189969374055258624443
12117412582473881142394909575888740819530303139158221126891369655992155054217545817774553319538521170754392488628869689112447637845983951950787351587781958343643976324856382090249041196477658493358313891660203396941425760492897072756295831463210018996937405525862444339
1211741258247388114239490957588874081953030313915822112689136965599215505421754581777455331953852117075439248862886968911244763784598395195078735158778195834364397632485638209024904119647765849335831389166020339694142576049289707275629583146321001899693740552586244433947
121174125824738811423949095758887408195303031391582211268913696559921550542175458177745533195385211707543924886288696891124476378459839519507873515877819583436439763248563820902490411964776584933583138916602033969414257604928970727562958314632100189969374055258624443394798
1211741258247388114239490957588874081953030313915822112689136965599215505421754581777455331953852117075439248862886968911244763784598395195078735158778195834364397632485638209024904119647765849335831389166020339694142576049289707275629583146321001899693740552586244433947984
121174125824738811423949095758887408195303031391582211268913696559921550542175458177745533195385211707543924886288696891124476378459839519507873515877819583436439763248563820902490411964776584933583138916602033969414257604928970727562958314632100189969374055258624443394798414
12117412582473881142394909575888740819530303139158221126891369655992155054217545817774553319538521170754392488628869689112447637845983951950787351587781958343643976324856382090249041196477658493358313891660203396941425760492897072756295831463210018996937405525862444339479841444
1211741258247388114239490957588874081953030313915822112689136965599215505421754581777455331953852117075439248862886968911244763784598395195078735158778195834364397632485638209024904119647765849335831389166020339694142576049289707275629583146321001899693740552586244433947984144471
121174125824738811423949095758887408195303031391582211268913696559921550542175458177745533195385211707543924886288696891124476378459839519507873515877819583436439763248563820902490411964776584933583138916602033969414257604928970727562958314632100189969374055258624443394798414447111
12117412582473881142394909575888740819530303139158221126891369655992155054217545817774553319538521170754392488628869689112447637845983951950787351587781958343643976324856382090249041196477658493358313891660203396941425760492897072756295831463210018996937405525862444339479841444711122
1211741258247388114239490957588874081953030313915822112689136965599215505421754581777455331953852117075439248862886968911244763784598395195078735158778195834364397632485638209024904119647765849335831389166020339694142576049289707275629583146321001899693740552586244433947984144471112238
12117412582473881142394909575888740819530303139158221126891369655992155054217545817774553319538521170754392488628869689112447637845983951950787351587781958343643976324856382090249041196477658493358313891660203396941425760492897072756295831463210018996937405525862444339479841444711122384
1211741258247388114239490957588874081953030313915822112689136965599215505421754581777455331953852117075439248862886968911244763784598395195078735158778195834364397632485638209024904119647765849335831389166020339694142576049289707275629583146321001899693740552586244433947984144471112238419
121174125824738811423949095758887408195303031391582211268913696559921550542175458177745533195385211707543924886288696891124476378459839519507873515877819583436439763248563820902490411964776584933583138916602033969414257604928970727562958314632100189969374055258624443394798414447111223841929
12117412582473881142394909575888740819530303139158221126891369655992155054217545817774553319538521170754392488628869689112447637845983951950787351587781958343643976324856382090249041196477658493358313891660203396941425760492897072756295831463210018996937405525862444339479841444711122384192918
1211741258247388114239490957588874081953030313915822112689136965599215505421754581777455331953852117075439248862886968911244763784598395195078735158778195834364397632485638209024904119647765849335831389166020339694142576049289707275629583146321001899693740552586244433947984144471112238419291892
121174125824738811423949095758887408195303031391582211268913696559921550542175458177745533195385211707543924886288696891124476378459839519507873515877819583436439763248563820902490411964776584933583138916602033969414257604928970727562958314632100189969374055258624443394798414447111223841929189223
1211741258247388114239490957588874081953030313915822112689136965599215505421754581777455331953852117075439248862886968911244763784598395195078735158778195834364397632485638209024904119647765849335831389166020339694142576049289707275629583146321001899693740552586244433947984144471112238419291892236
121174125824738811423949095758887408195303031391582211268913696559921550542175458177745533195385211707543924886288696891124476378459839519507873515877819583436439763248563820902490411964776584933583138916602033969414257604928970727562958314632100189969374055258624443394798414447111223841929189223622
12117412582473881142394909575888740819530303139158221126891369655992155054217545817774553319538521170754392488628869689112447637845983951950787351587781958343643976324856382090249041196477658493358313891660203396941425760492897072756295831463210018996937405525862444339479841444711122384192918922362293
1211741258247388114239490957588874081953030313915822112689136965599215505421754581777455331953852117075439248862886968911244763784598395195078735158778195834364397632485638209024904119647765849335831389166020339694142576049289707275629583146321001899693740552586244433947984144471112238419291892236229329
121174125824738811423949095758887408195303031391582211268913696559921550542175458177745533195385211707543924886288696891124476378459839519507873515877819583436439763248563820902490411964776584933583138916602033969414257604928970727562958314632100189969374055258624443394798414447111223841929189223622932949
1211741258247388114239490957588874081953030313915822112689136965599215505421754581777455331953852117075439248862886968911244763784598395195078735158778195834364397632485638209024904119647765849335831389166020339694142576049289707275629583146321001899693740552586244433947984144471112238419291892236229329495
12117412582473881142394909575888740819530303139158221126891369655992155054217545817774553319538521170754392488628869689112447637845983951950787351587781958343643976324856382090249041196477658493358313891660203396941425760492897072756295831463210018996937405525862444339479841444711122384192918922362293294954
1211741258247388114239490957588874081953030313915822112689136965599215505421754581777455331953852117075439248862886968911244763784598395195078735158778195834364397632485638209024904119647765849335831389166020339694142576049289707275629583146321001899693740552586244433947984144471112238419291892236229329495415
121174125824738811423949095758887408195303031391582211268913696559921550542175458177745533195385211707543924886288696891124476378459839519507873515877819583436439763248563820902490411964776584933583138916602033969414257604928970727562958314632100189969374055258624443394798414447111223841929189223622932949541592
12117412582473881142394909575888740819530303139158221126891369655992155054217545817774553319538521170754392488628869689112447637845983951950787351587781958343643976324856382090249041196477658493358313891660203396941425760492897072756295831463210018996937405525862444339479841444711122384192918922362293294954159221
1211741258247388114239490957588874081953030313915822112689136965599215505421754581777455331953852117075439248862886968911244763784598395195078735158778195834364397632485638209024904119647765849335831389166020339694142576049289707275629583146321001899693740552586244433947984144471112238419291892236229329495415922142
121174125824738811423949095758887408195303031391582211268913696559921550542175458177745533195385211707543924886288696891124476378459839519507873515877819583436439763248563820902490411964776584933583138916602033969414257604928970727562958314632100189969374055258624443394798414447111223841929189223622932949541592214273
12117412582473881142394909575888740819530303139158221126891369655992155054217545817774553319538521170754392488628869689112447637845983951950787351587781958343643976324856382090249041196477658493358313891660203396941425760492897072756295831463210018996937405525862444339479841444711122384192918922362293294954159221427386
1211741258247388114239490957588874081953030313915822112689136965599215505421754581777455331953852117075439248862886968911244763784598395195078735158778195834364397632485638209024904119647765849335831389166020339694142576049289707275629583146321001899693740552586244433947984144471112238419291892236229329495415922142738651
121174125824738811423949095758887408195303031391582211268913696559921550542175458177745533195385211707543924886288696891124476378459839519507873515877819583436439763248563820902490411964776584933583138916602033969414257604928970727562958314632100189969374055258624443394798414447111223841929189223622932949541592214273865136
12117412582473881142394909575888740819530303139158221126891369655992155054217545817774553319538521170754392488628869689112447637845983951950787351587781958343643976324856382090249041196477658493358313891660203396941425760492897072756295831463210018996937405525862444339479841444711122384192918922362293294954159221427386513651
1211741258247388114239490957588874081953030313915822112689136965599215505421754581777455331953852117075439248862886968911244763784598395195078735158778195834364397632485638209024904119647765849335831389166020339694142576049289707275629583146321001899693740552586244433947984144471112238419291892236229329495415922142738651365158
12117412582473881142394909575888740819530303139158221126891369655992155054217545817774553319538521170754392488628869689112447637845983951950787351587781958343643976324856382090249041196477658493358313891660203396941425760492897072756295831463210018996937405525862444339479841444711122384192918922362293294954159221427386513651586
1211741258247388114239490957588874081953030313915822112689136965599215505421754581777455331953852117075439248862886968911244763784598395195078735158778195834364397632485638209024904119647765849335831389166020339694142576049289707275629583146321001899693740552586244433947984144471112238419291892236229329495415922142738651365158632
12117412582473881142394909575888740819530303139158221126891369655992155054217545817774553319538521170754392488628869689112447637845983951950787351587781958343643976324856382090249041196477658493358313891660203396941425760492897072756295831463210018996937405525862444339479841444711122384192918922362293294954159221427386513651586324
121174125824738811423949095758887408195303031391582211268913696559921550542175458177745533195385211707543924886288696891124476378459839519507873515877819583436439763248563820902490411964776584933583138916602033969414257604928970727562958314632100189969374055258624443394798414447111223841929189223622932949541592214273865136515863245
12117412582473881142394909575888740819530303139158221126891369655992155054217545817774553319538521170754392488628869689112447637845983951950787351587781958343643976324856382090249041196477658493358313891660203396941425760492897072756295831463210018996937405525862444339479841444711122384192918922362293294954159221427386513651586324532
1211741258247388114239490957588874081953030313915822112689136965599215505421754581777455331953852117075439248862886968911244763784598395195078735158778195834364397632485638209024904119647765849335831389166020339694142576049289707275629583146321001899693740552586244433947984144471112238419291892236229329495415922142738651365158632453275
121174125824738811423949095758887408195303031391582211268913696559921550542175458177745533195385211707543924886288696891124476378459839519507873515877819583436439763248563820902490411964776584933583138916602033969414257604928970727562958314632100189969374055258624443394798414447111223841929189223622932949541592214273865136515863245327526
12117412582473881142394909575888740819530303139158221126891369655992155054217545817774553319538521170754392488628869689112447637845983951950787351587781958343643976324856382090249041196477658493358313891660203396941425760492897072756295831463210018996937405525862444339479841444711122384192918922362293294954159221427386513651586324532752619
1211741258247388114239490957588874081953030313915822112689136965599215505421754581777455331953852117075439248862886968911244763784598395195078735158778195834364397632485638209024904119647765849335831389166020339694142576049289707275629583146321001899693740552586244433947984144471112238419291892236229329495415922142738651365158632453275261920
121174125824738811423949095758887408195303031391582211268913696559921550542175458177745533195385211707543924886288696891124476378459839519507873515877819583436439763248563820902490411964776584933583138916602033969414257604928970727562958314632100189969374055258624443394798414447111223841929189223622932949541592214273865136515863245327526192075
12117412582473881142394909575888740819530303139158221126891369655992155054217545817774553319538521170754392488628869689112447637845983951950787351587781958343643976324856382090249041196477658493358313891660203396941425760492897072756295831463210018996937405525862444339479841444711122384192918922362293294954159221427386513651586324532752619207582
1211741258247388114239490957588874081953030313915822112689136965599215505421754581777455331953852117075439248862886968911244763784598395195078735158778195834364397632485638209024904119647765849335831389166020339694142576049289707275629583146321001899693740552586244433947984144471112238419291892236229329495415922142738651365158632453275261920758210
121174125824738811423949095758887408195303031391582211268913696559921550542175458177745533195385211707543924886288696891124476378459839519507873515877819583436439763248563820902490411964776584933583138916602033969414257604928970727562958314632100189969374055258624443394798414447111223841929189223622932949541592214273865136515863245327526192075821089
1211741258247388114239490957588874081953030313915822112689136965599215505421754581777455331953852117075439248862886968911244763784598395195078735158778195834364397632485638209024904119647765849335831389166020339694142576049289707275629583146321001899693740552586244433947984144471112238419291892236229329495415922142738651365158632453275261920758210899
121174125824738811423949095758887408195303031391582211268913696559921550542175458177745533195385211707543924886288696891124476378459839519507873515877819583436439763248563820902490411964776584933583138916602033969414257604928970727562958314632100189969374055258624443394798414447111223841929189223622932949541592214273865136515863245327526192075821089927
12117412582473881142394909575888740819530303139158221126891369655992155054217545817774553319538521170754392488628869689112447637845983951950787351587781958343643976324856382090249041196477658493358313891660203396941425760492897072756295831463210018996937405525862444339479841444711122384192918922362293294954159221427386513651586324532752619207582108992798
1211741258247388114239490957588874081953030313915822112689136965599215505421754581777455331953852117075439248862886968911244763784598395195078735158778195834364397632485638209024904119647765849335831389166020339694142576049289707275629583146321001899693740552586244433947984144471112238419291892236229329495415922142738651365158632453275261920758210899279852
121174125824738811423949095758887408195303031391582211268913696559921550542175458177745533195385211707543924886288696891124476378459839519507873515877819583436439763248563820902490411964776584933583138916602033969414257604928970727562958314632100189969374055258624443394798414447111223841929189223622932949541592214273865136515863245327526192075821089927985279
12117412582473881142394909575888740819530303139158221126891369655992155054217545817774553319538521170754392488628869689112447637845983951950787351587781958343643976324856382090249041196477658493358313891660203396941425760492897072756295831463210018996937405525862444339479841444711122384192918922362293294954159221427386513651586324532752619207582108992798527945
1211741258247388114239490957588874081953030313915822112689136965599215505421754581777455331953852117075439248862886968911244763784598395195078735158778195834364397632485638209024904119647765849335831389166020339694142576049289707275629583146321001899693740552586244433947984144471112238419291892236229329495415922142738651365158632453275261920758210899279852794565
121174125824738811423949095758887408195303031391582211268913696559921550542175458177745533195385211707543924886288696891124476378459839519507873515877819583436439763248563820902490411964776584933583138916602033969414257604928970727562958314632100189969374055258624443394798414447111223841929189223622932949541592214273865136515863245327526192075821089927985279456532
12117412582473881142394909575888740819530303139158221126891369655992155054217545817774553319538521170754392488628869689112447637845983951950787351587781958343643976324856382090249041196477658493358313891660203396941425760492897072756295831463210018996937405525862444339479841444711122384192918922362293294954159221427386513651586324532752619207582108992798527945653252
1211741258247388114239490957588874081953030313915822112689136965599215505421754581777455331953852117075439248862886968911244763784598395195078735158778195834364397632485638209024904119647765849335831389166020339694142576049289707275629583146321001899693740552586244433947984144471112238419291892236229329495415922142738651365158632453275261920758210899279852794565325215
121174125824738811423949095758887408195303031391582211268913696559921550542175458177745533195385211707543924886288696891124476378459839519507873515877819583436439763248563820902490411964776584933583138916602033969414257604928970727562958314632100189969374055258624443394798414447111223841929189223622932949541592214273865136515863245327526192075821089927985279456532521522
1211741258247388114239490957588874081953030313915822112689136965599215505421754581777455331953852117075439248862886968911244763784598395195078735158778195834364397632485638209024904119647765849335831389166020339694142576049289707275629583146321001899693740552586244433947984144471112238419291892236229329495415922142738651365158632453275261920758210899279852794565325215227
121174125824738811423949095758887408195303031391582211268913696559921550542175458177745533195385211707543924886288696891124476378459839519507873515877819583436439763248563820902490411964776584933583138916602033969414257604928970727562958314632100189969374055258624443394798414447111223841929189223622932949541592214273865136515863245327526192075821089927985279456532521522796
12117412582473881142394909575888740819530303139158221126891369655992155054217545817774553319538521170754392488628869689112447637845983951950787351587781958343643976324856382090249041196477658493358313891660203396941425760492897072756295831463210018996937405525862444339479841444711122384192918922362293294954159221427386513651586324532752619207582108992798527945653252152279665
1211741258247388114239490957588874081953030313915822112689136965599215505421754581777455331953852117075439248862886968911244763784598395195078735158778195834364397632485638209024904119647765849335831389166020339694142576049289707275629583146321001899693740552586244433947984144471112238419291892236229329495415922142738651365158632453275261920758210899279852794565325215227966566
121174125824738811423949095758887408195303031391582211268913696559921550542175458177745533195385211707543924886288696891124476378459839519507873515877819583436439763248563820902490411964776584933583138916602033969414257604928970727562958314632100189969374055258624443394798414447111223841929189223622932949541592214273865136515863245327526192075821089927985279456532521522796656663
12117412582473881142394909575888740819530303139158221126891369655992155054217545817774553319538521170754392488628869689112447637845983951950787351587781958343643976324856382090249041196477658493358313891660203396941425760492897072756295831463210018996937405525862444339479841444711122384192918922362293294954159221427386513651586324532752619207582108992798527945653252152279665666399
1211741258247388114239490957588874081953030313915822112689136965599215505421754581777455331953852117075439248862886968911244763784598395195078735158778195834364397632485638209024904119647765849335831389166020339694142576049289707275629583146321001899693740552586244433947984144471112238419291892236229329495415922142738651365158632453275261920758210899279852794565325215227966566639920
121174125824738811423949095758887408195303031391582211268913696559921550542175458177745533195385211707543924886288696891124476378459839519507873515877819583436439763248563820902490411964776584933583138916602033969414257604928970727562958314632100189969374055258624443394798414447111223841929189223622932949541592214273865136515863245327526192075821089927985279456532521522796656663992060
12117412582473881142394909575888740819530303139158221126891369655992155054217545817774553319538521170754392488628869689112447637845983951950787351587781958343643976324856382090249041196477658493358313891660203396941425760492897072756295831463210018996937405525862444339479841444711122384192918922362293294954159221427386513651586324532752619207582108992798527945653252152279665666399206054
12117412582473881142394909575888740819530303139158221126891369655992155054217545817774553319538521170754392488628869689112447637845983951950787351587781958343643976324856382090249041196477658493358313891660203396941425760492897072756295831463210018996937405525862444339479841444711122384192918922362293294954159221427386513651586324532752619207582108992798527945653252152279665666399206054100
1211741258247388114239490957588874081953030313915822112689136965599215505421754581777455331953852117075439248862886968911244763784598395195078735158778195834364397632485638209024904119647765849335831389166020339694142576049289707275629583146321001899693740552586244433947984144471112238419291892236229329495415922142738651365158632453275261920758210899279852794565325215227966566639920605410054
121174125824738811423949095758887408195303031391582211268913696559921550542175458177745533195385211707543924886288696891124476378459839519507873515877819583436439763248563820902490411964776584933583138916602033969414257604928970727562958314632100189969374055258624443394798414447111223841929189223622932949541592214273865136515863245327526192075821089927985279456532521522796656663992060541005488
12117412582473881142394909575888740819530303139158221126891369655992155054217545817774553319538521170754392488628869689112447637845983951950787351587781958343643976324856382090249041196477658493358313891660203396941425760492897072756295831463210018996937405525862444339479841444711122384192918922362293294954159221427386513651586324532752619207582108992798527945653252152279665666399206054100548824
1211741258247388114239490957588874081953030313915822112689136965599215505421754581777455331953852117075439248862886968911244763784598395195078735158778195834364397632485638209024904119647765849335831389166020339694142576049289707275629583146321001899693740552586244433947984144471112238419291892236229329495415922142738651365158632453275261920758210899279852794565325215227966566639920605410054882419
121174125824738811423949095758887408195303031391582211268913696559921550542175458177745533195385211707543924886288696891124476378459839519507873515877819583436439763248563820902490411964776584933583138916602033969414257604928970727562958314632100189969374055258624443394798414447111223841929189223622932949541592214273865136515863245327526192075821089927985279456532521522796656663992060541005488241960
12117412582473881142394909575888740819530303139158221126891369655992155054217545817774553319538521170754392488628869689112447637845983951950787351587781958343643976324856382090249041196477658493358313891660203396941425760492897072756295831463210018996937405525862444339479841444711122384192918922362293294954159221427386513651586324532752619207582108992798527945653252152279665666399206054100548824196038
1211741258247388114239490957588874081953030313915822112689136965599215505421754581777455331953852117075439248862886968911244763784598395195078735158778195834364397632485638209024904119647765849335831389166020339694142576049289707275629583146321001899693740552586244433947984144471112238419291892236229329495415922142738651365158632453275261920758210899279852794565325215227966566639920605410054882419603824
121174125824738811423949095758887408195303031391582211268913696559921550542175458177745533195385211707543924886288696891124476378459839519507873515877819583436439763248563820902490411964776584933583138916602033969414257604928970727562958314632100189969374055258624443394798414447111223841929189223622932949541592214273865136515863245327526192075821089927985279456532521522796656663992060541005488241960382426
12117412582473881142394909575888740819530303139158221126891369655992155054217545817774553319538521170754392488628869689112447637845983951950787351587781958343643976324856382090249041196477658493358313891660203396941425760492897072756295831463210018996937405525862444339479841444711122384192918922362293294954159221427386513651586324532752619207582108992798527945653252152279665666399206054100548824196038242681
1211741258247388114239490957588874081953030313915822112689136965599215505421754581777455331953852117075439248862886968911244763784598395195078735158778195834364397632485638209024904119647765849335831389166020339694142576049289707275629583146321001899693740552586244433947984144471112238419291892236229329495415922142738651365158632453275261920758210899279852794565325215227966566639920605410054882419603824268178
121174125824738811423949095758887408195303031391582211268913696559921550542175458177745533195385211707543924886288696891124476378459839519507873515877819583436439763248563820902490411964776584933583138916602033969414257604928970727562958314632100189969374055258624443394798414447111223841929189223622932949541592214273865136515863245327526192075821089927985279456532521522796656663992060541005488241960382426817823
12117412582473881142394909575888740819530303139158221126891369655992155054217545817774553319538521170754392488628869689112447637845983951950787351587781958343643976324856382090249041196477658493358313891660203396941425760492897072756295831463210018996937405525862444339479841444711122384192918922362293294954159221427386513651586324532752619207582108992798527945653252152279665666399206054100548824196038242681782382
1211741258247388114239490957588874081953030313915822112689136965599215505421754581777455331953852117075439248862886968911244763784598395195078735158778195834364397632485638209024904119647765849335831389166020339694142576049289707275629583146321001899693740552586244433947984144471112238419291892236229329495415922142738651365158632453275261920758210899279852794565325215227966566639920605410054882419603824268178238295
121174125824738811423949095758887408195303031391582211268913696559921550542175458177745533195385211707543924886288696891124476378459839519507873515877819583436439763248563820902490411964776584933583138916602033969414257604928970727562958314632100189969374055258624443394798414447111223841929189223622932949541592214273865136515863245327526192075821089927985279456532521522796656663992060541005488241960382426817823829580
12117412582473881142394909575888740819530303139158221126891369655992155054217545817774553319538521170754392488628869689112447637845983951950787351587781958343643976324856382090249041196477658493358313891660203396941425760492897072756295831463210018996937405525862444339479841444711122384192918922362293294954159221427386513651586324532752619207582108992798527945653252152279665666399206054100548824196038242681782382958093
1211741258247388114239490957588874081953030313915822112689136965599215505421754581777455331953852117075439248862886968911244763784598395195078735158778195834364397632485638209024904119647765849335831389166020339694142576049289707275629583146321001899693740552586244433947984144471112238419291892236229329495415922142738651365158632453275261920758210899279852794565325215227966566639920605410054882419603824268178238295809376
121174125824738811423949095758887408195303031391582211268913696559921550542175458177745533195385211707543924886288696891124476378459839519507873515877819583436439763248563820902490411964776584933583138916602033969414257604928970727562958314632100189969374055258624443394798414447111223841929189223622932949541592214273865136515863245327526192075821089927985279456532521522796656663992060541005488241960382426817823829580937665
12117412582473881142394909575888740819530303139158221126891369655992155054217545817774553319538521170754392488628869689112447637845983951950787351587781958343643976324856382090249041196477658493358313891660203396941425760492897072756295831463210018996937405525862444339479841444711122384192918922362293294954159221427386513651586324532752619207582108992798527945653252152279665666399206054100548824196038242681782382958093766510
1211741258247388114239490957588874081953030313915822112689136965599215505421754581777455331953852117075439248862886968911244763784598395195078735158778195834364397632485638209024904119647765849335831389166020339694142576049289707275629583146321001899693740552586244433947984144471112238419291892236229329495415922142738651365158632453275261920758210899279852794565325215227966566639920605410054882419603824268178238295809376651080
12117412582473881142394909575888740819530303139158221126891369655992155054217545817774553319538521170754392488628869689112447637845983951950787351587781958343643976324856382090249041196477658493358313891660203396941425760492897072756295831463210018996937405525862444339479841444711122384192918922362293294954159221427386513651586324532752619207582108992798527945653252152279665666399206054100548824196038242681782382958093766510801
1211741258247388114239490957588874081953030313915822112689136965599215505421754581777455331953852117075439248862886968911244763784598395195078735158778195834364397632485638209024904119647765849335831389166020339694142576049289707275629583146321001899693740552586244433947984144471112238419291892236229329495415922142738651365158632453275261920758210899279852794565325215227966566639920605410054882419603824268178238295809376651080168
121174125824738811423949095758887408195303031391582211268913696559921550542175458177745533195385211707543924886288696891124476378459839519507873515877819583436439763248563820902490411964776584933583138916602033969414257604928970727562958314632100189969374055258624443394798414447111223841929189223622932949541592214273865136515863245327526192075821089927985279456532521522796656663992060541005488241960382426817823829580937665108016879
12117412582473881142394909575888740819530303139158221126891369655992155054217545817774553319538521170754392488628869689112447637845983951950787351587781958343643976324856382090249041196477658493358313891660203396941425760492897072756295831463210018996937405525862444339479841444711122384192918922362293294954159221427386513651586324532752619207582108992798527945653252152279665666399206054100548824196038242681782382958093766510801687913
1211741258247388114239490957588874081953030313915822112689136965599215505421754581777455331953852117075439248862886968911244763784598395195078735158778195834364397632485638209024904119647765849335831389166020339694142576049289707275629583146321001899693740552586244433947984144471112238419291892236229329495415922142738651365158632453275261920758210899279852794565325215227966566639920605410054882419603824268178238295809376651080168791377
121174125824738811423949095758887408195303031391582211268913696559921550542175458177745533195385211707543924886288696891124476378459839519507873515877819583436439763248563820902490411964776584933583138916602033969414257604928970727562958314632100189969374055258624443394798414447111223841929189223622932949541592214273865136515863245327526192075821089927985279456532521522796656663992060541005488241960382426817823829580937665108016879137719
1211741258247388114239490957588874081953030313915822112689136965599215505421754581777455331953852117075439248862886968911244763784598395195078735158778195834364397632485638209024904119647765849335831389166020339694142576049289707275629583146321001899693740552586244433947984144471112238419291892236229329495415922142738651365158632453275261920758210899279852794565325215227966566639920605410054882419603824268178238295809376651080168791377197
12117412582473881142394909575888740819530303139158221126891369655992155054217545817774553319538521170754392488628869689112447637845983951950787351587781958343643976324856382090249041196477658493358313891660203396941425760492897072756295831463210018996937405525862444339479841444711122384192918922362293294954159221427386513651586324532752619207582108992798527945653252152279665666399206054100548824196038242681782382958093766510801687913771975
1211741258247388114239490957588874081953030313915822112689136965599215505421754581777455331953852117075439248862886968911244763784598395195078735158778195834364397632485638209024904119647765849335831389166020339694142576049289707275629583146321001899693740552586244433947984144471112238419291892236229329495415922142738651365158632453275261920758210899279852794565325215227966566639920605410054882419603824268178238295809376651080168791377197550
121174125824738811423949095758887408195303031391582211268913696559921550542175458177745533195385211707543924886288696891124476378459839519507873515877819583436439763248563820902490411964776584933583138916602033969414257604928970727562958314632100189969374055258624443394798414447111223841929189223622932949541592214273865136515863245327526192075821089927985279456532521522796656663992060541005488241960382426817823829580937665108016879137719755081
12117412582473881142394909575888740819530303139158221126891369655992155054217545817774553319538521170754392488628869689112447637845983951950787351587781958343643976324856382090249041196477658493358313891660203396941425760492897072756295831463210018996937405525862444339479841444711122384192918922362293294954159221427386513651586324532752619207582108992798527945653252152279665666399206054100548824196038242681782382958093766510801687913771975508115
1211741258247388114239490957588874081953030313915822112689136965599215505421754581777455331953852117075439248862886968911244763784598395195078735158778195834364397632485638209024904119647765849335831389166020339694142576049289707275629583146321001899693740552586244433947984144471112238419291892236229329495415922142738651365158632453275261920758210899279852794565325215227966566639920605410054882419603824268178238295809376651080168791377197550811578
121174125824738811423949095758887408195303031391582211268913696559921550542175458177745533195385211707543924886288696891124476378459839519507873515877819583436439763248563820902490411964776584933583138916602033969414257604928970727562958314632100189969374055258624443394798414447111223841929189223622932949541592214273865136515863245327526192075821089927985279456532521522796656663992060541005488241960382426817823829580937665108016879137719755081157885
12117412582473881142394909575888740819530303139158221126891369655992155054217545817774553319538521170754392488628869689112447637845983951950787351587781958343643976324856382090249041196477658493358313891660203396941425760492897072756295831463210018996937405525862444339479841444711122384192918922362293294954159221427386513651586324532752619207582108992798527945653252152279665666399206054100548824196038242681782382958093766510801687913771975508115788531
1211741258247388114239490957588874081953030313915822112689136965599215505421754581777455331953852117075439248862886968911244763784598395195078735158778195834364397632485638209024904119647765849335831389166020339694142576049289707275629583146321001899693740552586244433947984144471112238419291892236229329495415922142738651365158632453275261920758210899279852794565325215227966566639920605410054882419603824268178238295809376651080168791377197550811578853198
121174125824738811423949095758887408195303031391582211268913696559921550542175458177745533195385211707543924886288696891124476378459839519507873515877819583436439763248563820902490411964776584933583138916602033969414257604928970727562958314632100189969374055258624443394798414447111223841929189223622932949541592214273865136515863245327526192075821089927985279456532521522796656663992060541005488241960382426817823829580937665108016879137719755081157885319874
12117412582473881142394909575888740819530303139158221126891369655992155054217545817774553319538521170754392488628869689112447637845983951950787351587781958343643976324856382090249041196477658493358313891660203396941425760492897072756295831463210018996937405525862444339479841444711122384192918922362293294954159221427386513651586324532752619207582108992798527945653252152279665666399206054100548824196038242681782382958093766510801687913771975508115788531987459
1211741258247388114239490957588874081953030313915822112689136965599215505421754581777455331953852117075439248862886968911244763784598395195078735158778195834364397632485638209024904119647765849335831389166020339694142576049289707275629583146321001899693740552586244433947984144471112238419291892236229329495415922142738651365158632453275261920758210899279852794565325215227966566639920605410054882419603824268178238295809376651080168791377197550811578853198745978
121174125824738811423949095758887408195303031391582211268913696559921550542175458177745533195385211707543924886288696891124476378459839519507873515877819583436439763248563820902490411964776584933583138916602033969414257604928970727562958314632100189969374055258624443394798414447111223841929189223622932949541592214273865136515863245327526192075821089927985279456532521522796656663992060541005488241960382426817823829580937665108016879137719755081157885319874597832
12117412582473881142394909575888740819530303139158221126891369655992155054217545817774553319538521170754392488628869689112447637845983951950787351587781958343643976324856382090249041196477658493358313891660203396941425760492897072756295831463210018996937405525862444339479841444711122384192918922362293294954159221427386513651586324532752619207582108992798527945653252152279665666399206054100548824196038242681782382958093766510801687913771975508115788531987459783231
1211741258247388114239490957588874081953030313915822112689136965599215505421754581777455331953852117075439248862886968911244763784598395195078735158778195834364397632485638209024904119647765849335831389166020339694142576049289707275629583146321001899693740552586244433947984144471112238419291892236229329495415922142738651365158632453275261920758210899279852794565325215227966566639920605410054882419603824268178238295809376651080168791377197550811578853198745978323133
121174125824738811423949095758887408195303031391582211268913696559921550542175458177745533195385211707543924886288696891124476378459839519507873515877819583436439763248563820902490411964776584933583138916602033969414257604928970727562958314632100189969374055258624443394798414447111223841929189223622932949541592214273865136515863245327526192075821089927985279456532521522796656663992060541005488241960382426817823829580937665108016879137719755081157885319874597832313359
1211741258247388114239490957588874081953030313915822112689136965599215505421754581777455331953852117075439248862886968911244763784598395195078735158778195834364397632485638209024904119647765849335831389166020339694142576049289707275629583146321001899693740552586244433947984144471112238419291892236229329495415922142738651365158632453275261920758210899279852794565325215227966566639920605410054882419603824268178238295809376651080168791377197550811578853198745978323133593
121174125824738811423949095758887408195303031391582211268913696559921550542175458177745533195385211707543924886288696891124476378459839519507873515877819583436439763248563820902490411964776584933583138916602033969414257604928970727562958314632100189969374055258624443394798414447111223841929189223622932949541592214273865136515863245327526192075821089927985279456532521522796656663992060541005488241960382426817823829580937665108016879137719755081157885319874597832313359330
12117412582473881142394909575888740819530303139158221126891369655992155054217545817774553319538521170754392488628869689112447637845983951950787351587781958343643976324856382090249041196477658493358313891660203396941425760492897072756295831463210018996937405525862444339479841444711122384192918922362293294954159221427386513651586324532752619207582108992798527945653252152279665666399206054100548824196038242681782382958093766510801687913771975508115788531987459783231335933079
1211741258247388114239490957588874081953030313915822112689136965599215505421754581777455331953852117075439248862886968911244763784598395195078735158778195834364397632485638209024904119647765849335831389166020339694142576049289707275629583146321001899693740552586244433947984144471112238419291892236229329495415922142738651365158632453275261920758210899279852794565325215227966566639920605410054882419603824268178238295809376651080168791377197550811578853198745978323133593307965
121174125824738811423949095758887408195303031391582211268913696559921550542175458177745533195385211707543924886288696891124476378459839519507873515877819583436439763248563820902490411964776584933583138916602033969414257604928970727562958314632100189969374055258624443394798414447111223841929189223622932949541592214273865136515863245327526192075821089927985279456532521522796656663992060541005488241960382426817823829580937665108016879137719755081157885319874597832313359330796559
12117412582473881142394909575888740819530303139158221126891369655992155054217545817774553319538521170754392488628869689112447637845983951950787351587781958343643976324856382090249041196477658493358313891660203396941425760492897072756295831463210018996937405525862444339479841444711122384192918922362293294954159221427386513651586324532752619207582108992798527945653252152279665666399206054100548824196038242681782382958093766510801687913771975508115788531987459783231335933079655933
1211741258247388114239490957588874081953030313915822112689136965599215505421754581777455331953852117075439248862886968911244763784598395195078735158778195834364397632485638209024904119647765849335831389166020339694142576049289707275629583146321001899693740552586244433947984144471112238419291892236229329495415922142738651365158632453275261920758210899279852794565325215227966566639920605410054882419603824268178238295809376651080168791377197550811578853198745978323133593307965593333
1211741258247388114239490957588874081953030313915822112689136965599215505421754581777455331953852117075439248862886968911244763784598395195078735158778195834364397632485638209024904119647765849335831389166020339694142576049289707275629583146321001899693740552586244433947984144471112238419291892236229329495415922142738651365158632453275261920758210899279852794565325215227966566639920605410054882419603824268178238295809376651080168791377197550811578853198745978323133593307965593333100
121174125824738811423949095758887408195303031391582211268913696559921550542175458177745533195385211707543924886288696891124476378459839519507873515877819583436439763248563820902490411964776584933583138916602033969414257604928970727562958314632100189969374055258624443394798414447111223841929189223622932949541592214273865136515863245327526192075821089927985279456532521522796656663992060541005488241960382426817823829580937665108016879137719755081157885319874597832313359330796559333310078
12117412582473881142394909575888740819530303139158221126891369655992155054217545817774553319538521170754392488628869689112447637845983951950787351587781958343643976324856382090249041196477658493358313891660203396941425760492897072756295831463210018996937405525862444339479841444711122384192918922362293294954159221427386513651586324532752619207582108992798527945653252152279665666399206054100548824196038242681782382958093766510801687913771975508115788531987459783231335933079655933331007868
1211741258247388114239490957588874081953030313915822112689136965599215505421754581777455331953852117075439248862886968911244763784598395195078735158778195834364397632485638209024904119647765849335831389166020339694142576049289707275629583146321001899693740552586244433947984144471112238419291892236229329495415922142738651365158632453275261920758210899279852794565325215227966566639920605410054882419603824268178238295809376651080168791377197550811578853198745978323133593307965593333100786851
121174125824738811423949095758887408195303031391582211268913696559921550542175458177745533195385211707543924886288696891124476378459839519507873515877819583436439763248563820902490411964776584933583138916602033969414257604928970727562958314632100189969374055258624443394798414447111223841929189223622932949541592214273865136515863245327526192075821089927985279456532521522796656663992060541005488241960382426817823829580937665108016879137719755081157885319874597832313359330796559333310078685145
12117412582473881142394909575888740819530303139158221126891369655992155054217545817774553319538521170754392488628869689112447637845983951950787351587781958343643976324856382090249041196477658493358313891660203396941425760492897072756295831463210018996937405525862444339479841444711122384192918922362293294954159221427386513651586324532752619207582108992798527945653252152279665666399206054100548824196038242681782382958093766510801687913771975508115788531987459783231335933079655933331007868514521
1211741258247388114239490957588874081953030313915822112689136965599215505421754581777455331953852117075439248862886968911244763784598395195078735158778195834364397632485638209024904119647765849335831389166020339694142576049289707275629583146321001899693740552586244433947984144471112238419291892236229329495415922142738651365158632453275261920758210899279852794565325215227966566639920605410054882419603824268178238295809376651080168791377197550811578853198745978323133593307965593333100786851452177
121174125824738811423949095758887408195303031391582211268913696559921550542175458177745533195385211707543924886288696891124476378459839519507873515877819583436439763248563820902490411964776584933583138916602033969414257604928970727562958314632100189969374055258624443394798414447111223841929189223622932949541592214273865136515863245327526192075821089927985279456532521522796656663992060541005488241960382426817823829580937665108016879137719755081157885319874597832313359330796559333310078685145217762
12117412582473881142394909575888740819530303139158221126891369655992155054217545817774553319538521170754392488628869689112447637845983951950787351587781958343643976324856382090249041196477658493358313891660203396941425760492897072756295831463210018996937405525862444339479841444711122384192918922362293294954159221427386513651586324532752619207582108992798527945653252152279665666399206054100548824196038242681782382958093766510801687913771975508115788531987459783231335933079655933331007868514521776214
1211741258247388114239490957588874081953030313915822112689136965599215505421754581777455331953852117075439248862886968911244763784598395195078735158778195834364397632485638209024904119647765849335831389166020339694142576049289707275629583146321001899693740552586244433947984144471112238419291892236229329495415922142738651365158632453275261920758210899279852794565325215227966566639920605410054882419603824268178238295809376651080168791377197550811578853198745978323133593307965593333100786851452177621430
121174125824738811423949095758887408195303031391582211268913696559921550542175458177745533195385211707543924886288696891124476378459839519507873515877819583436439763248563820902490411964776584933583138916602033969414257604928970727562958314632100189969374055258624443394798414447111223841929189223622932949541592214273865136515863245327526192075821089927985279456532521522796656663992060541005488241960382426817823829580937665108016879137719755081157885319874597832313359330796559333310078685145217762143069
12117412582473881142394909575888740819530303139158221126891369655992155054217545817774553319538521170754392488628869689112447637845983951950787351587781958343643976324856382090249041196477658493358313891660203396941425760492897072756295831463210018996937405525862444339479841444711122384192918922362293294954159221427386513651586324532752619207582108992798527945653252152279665666399206054100548824196038242681782382958093766510801687913771975508115788531987459783231335933079655933331007868514521776214306925
1211741258247388114239490957588874081953030313915822112689136965599215505421754581777455331953852117075439248862886968911244763784598395195078735158778195834364397632485638209024904119647765849335831389166020339694142576049289707275629583146321001899693740552586244433947984144471112238419291892236229329495415922142738651365158632453275261920758210899279852794565325215227966566639920605410054882419603824268178238295809376651080168791377197550811578853198745978323133593307965593333100786851452177621430692542
12117412582473881142394909575888740819530303139158221126891369655992155054217545817774553319538521170754392488628869689112447637845983951950787351587781958343643976324856382090249041196477658493358313891660203396941425760492897072756295831463210018996937405525862444339479841444711122384192918922362293294954159221427386513651586324532752619207582108992798527945653252152279665666399206054100548824196038242681782382958093766510801687913771975508115788531987459783231335933079655933331007868514521776214306925423
1211741258247388114239490957588874081953030313915822112689136965599215505421754581777455331953852117075439248862886968911244763784598395195078735158778195834364397632485638209024904119647765849335831389166020339694142576049289707275629583146321001899693740552586244433947984144471112238419291892236229329495415922142738651365158632453275261920758210899279852794565325215227966566639920605410054882419603824268178238295809376651080168791377197550811578853198745978323133593307965593333100786851452177621430692542322
121174125824738811423949095758887408195303031391582211268913696559921550542175458177745533195385211707543924886288696891124476378459839519507873515877819583436439763248563820902490411964776584933583138916602033969414257604928970727562958314632100189969374055258624443394798414447111223841929189223622932949541592214273865136515863245327526192075821089927985279456532521522796656663992060541005488241960382426817823829580937665108016879137719755081157885319874597832313359330796559333310078685145217762143069254232240
1211741258247388114239490957588874081953030313915822112689136965599215505421754581777455331953852117075439248862886968911244763784598395195078735158778195834364397632485638209024904119647765849335831389166020339694142576049289707275629583146321001899693740552586244433947984144471112238419291892236229329495415922142738651365158632453275261920758210899279852794565325215227966566639920605410054882419603824268178238295809376651080168791377197550811578853198745978323133593307965593333100786851452177621430692542322405
121174125824738811423949095758887408195303031391582211268913696559921550542175458177745533195385211707543924886288696891124476378459839519507873515877819583436439763248563820902490411964776584933583138916602033969414257604928970727562958314632100189969374055258624443394798414447111223841929189223622932949541592214273865136515863245327526192075821089927985279456532521522796656663992060541005488241960382426817823829580937665108016879137719755081157885319874597832313359330796559333310078685145217762143069254232240539
12117412582473881142394909575888740819530303139158221126891369655992155054217545817774553319538521170754392488628869689112447637845983951950787351587781958343643976324856382090249041196477658493358313891660203396941425760492897072756295831463210018996937405525862444339479841444711122384192918922362293294954159221427386513651586324532752619207582108992798527945653252152279665666399206054100548824196038242681782382958093766510801687913771975508115788531987459783231335933079655933331007868514521776214306925423224053919
1211741258247388114239490957588874081953030313915822112689136965599215505421754581777455331953852117075439248862886968911244763784598395195078735158778195834364397632485638209024904119647765849335831389166020339694142576049289707275629583146321001899693740552586244433947984144471112238419291892236229329495415922142738651365158632453275261920758210899279852794565325215227966566639920605410054882419603824268178238295809376651080168791377197550811578853198745978323133593307965593333100786851452177621430692542322405391991
121174125824738811423949095758887408195303031391582211268913696559921550542175458177745533195385211707543924886288696891124476378459839519507873515877819583436439763248563820902490411964776584933583138916602033969414257604928970727562958314632100189969374055258624443394798414447111223841929189223622932949541592214273865136515863245327526192075821089927985279456532521522796656663992060541005488241960382426817823829580937665108016879137719755081157885319874597832313359330796559333310078685145217762143069254232240539199184
12117412582473881142394909575888740819530303139158221126891369655992155054217545817774553319538521170754392488628869689112447637845983951950787351587781958343643976324856382090249041196477658493358313891660203396941425760492897072756295831463210018996937405525862444339479841444711122384192918922362293294954159221427386513651586324532752619207582108992798527945653252152279665666399206054100548824196038242681782382958093766510801687913771975508115788531987459783231335933079655933331007868514521776214306925423224053919918425
1211741258247388114239490957588874081953030313915822112689136965599215505421754581777455331953852117075439248862886968911244763784598395195078735158778195834364397632485638209024904119647765849335831389166020339694142576049289707275629583146321001899693740552586244433947984144471112238419291892236229329495415922142738651365158632453275261920758210899279852794565325215227966566639920605410054882419603824268178238295809376651080168791377197550811578853198745978323133593307965593333100786851452177621430692542322405391991842592
12117412582473881142394909575888740819530303139158221126891369655992155054217545817774553319538521170754392488628869689112447637845983951950787351587781958343643976324856382090249041196477658493358313891660203396941425760492897072756295831463210018996937405525862444339479841444711122384192918922362293294954159221427386513651586324532752619207582108992798527945653252152279665666399206054100548824196038242681782382958093766510801687913771975508115788531987459783231335933079655933331007868514521776214306925423224053919918425920
1211741258247388114239490957588874081953030313915822112689136965599215505421754581777455331953852117075439248862886968911244763784598395195078735158778195834364397632485638209024904119647765849335831389166020339694142576049289707275629583146321001899693740552586244433947984144471112238419291892236229329495415922142738651365158632453275261920758210899279852794565325215227966566639920605410054882419603824268178238295809376651080168791377197550811578853198745978323133593307965593333100786851452177621430692542322405391991842592090
121174125824738811423949095758887408195303031391582211268913696559921550542175458177745533195385211707543924886288696891124476378459839519507873515877819583436439763248563820902490411964776584933583138916602033969414257604928970727562958314632100189969374055258624443394798414447111223841929189223622932949541592214273865136515863245327526192075821089927985279456532521522796656663992060541005488241960382426817823829580937665108016879137719755081157885319874597832313359330796559333310078685145217762143069254232240539199184259209063
12117412582473881142394909575888740819530303139158221126891369655992155054217545817774553319538521170754392488628869689112447637845983951950787351587781958343643976324856382090249041196477658493358313891660203396941425760492897072756295831463210018996937405525862444339479841444711122384192918922362293294954159221427386513651586324532752619207582108992798527945653252152279665666399206054100548824196038242681782382958093766510801687913771975508115788531987459783231335933079655933331007868514521776214306925423224053919918425920906378
1211741258247388114239490957588874081953030313915822112689136965599215505421754581777455331953852117075439248862886968911244763784598395195078735158778195834364397632485638209024904119647765849335831389166020339694142576049289707275629583146321001899693740552586244433947984144471112238419291892236229329495415922142738651365158632453275261920758210899279852794565325215227966566639920605410054882419603824268178238295809376651080168791377197550811578853198745978323133593307965593333100786851452177621430692542322405391991842592090637861
121174125824738811423949095758887408195303031391582211268913696559921550542175458177745533195385211707543924886288696891124476378459839519507873515877819583436439763248563820902490411964776584933583138916602033969414257604928970727562958314632100189969374055258624443394798414447111223841929189223622932949541592214273865136515863245327526192075821089927985279456532521522796656663992060541005488241960382426817823829580937665108016879137719755081157885319874597832313359330796559333310078685145217762143069254232240539199184259209063786180
12117412582473881142394909575888740819530303139158221126891369655992155054217545817774553319538521170754392488628869689112447637845983951950787351587781958343643976324856382090249041196477658493358313891660203396941425760492897072756295831463210018996937405525862444339479841444711122384192918922362293294954159221427386513651586324532752619207582108992798527945653252152279665666399206054100548824196038242681782382958093766510801687913771975508115788531987459783231335933079655933331007868514521776214306925423224053919918425920906378618061
1211741258247388114239490957588874081953030313915822112689136965599215505421754581777455331953852117075439248862886968911244763784598395195078735158778195834364397632485638209024904119647765849335831389166020339694142576049289707275629583146321001899693740552586244433947984144471112238419291892236229329495415922142738651365158632453275261920758210899279852794565325215227966566639920605410054882419603824268178238295809376651080168791377197550811578853198745978323133593307965593333100786851452177621430692542322405391991842592090637861806115
121174125824738811423949095758887408195303031391582211268913696559921550542175458177745533195385211707543924886288696891124476378459839519507873515877819583436439763248563820902490411964776584933583138916602033969414257604928970727562958314632100189969374055258624443394798414447111223841929189223622932949541592214273865136515863245327526192075821089927985279456532521522796656663992060541005488241960382426817823829580937665108016879137719755081157885319874597832313359330796559333310078685145217762143069254232240539199184259209063786180611528
12117412582473881142394909575888740819530303139158221126891369655992155054217545817774553319538521170754392488628869689112447637845983951950787351587781958343643976324856382090249041196477658493358313891660203396941425760492897072756295831463210018996937405525862444339479841444711122384192918922362293294954159221427386513651586324532752619207582108992798527945653252152279665666399206054100548824196038242681782382958093766510801687913771975508115788531987459783231335933079655933331007868514521776214306925423224053919918425920906378618061152847
1211741258247388114239490957588874081953030313915822112689136965599215505421754581777455331953852117075439248862886968911244763784598395195078735158778195834364397632485638209024904119647765849335831389166020339694142576049289707275629583146321001899693740552586244433947984144471112238419291892236229329495415922142738651365158632453275261920758210899279852794565325215227966566639920605410054882419603824268178238295809376651080168791377197550811578853198745978323133593307965593333100786851452177621430692542322405391991842592090637861806115284729
12117412582473881142394909575888740819530303139158221126891369655992155054217545817774553319538521170754392488628869689112447637845983951950787351587781958343643976324856382090249041196477658493358313891660203396941425760492897072756295831463210018996937405525862444339479841444711122384192918922362293294954159221427386513651586324532752619207582108992798527945653252152279665666399206054100548824196038242681782382958093766510801687913771975508115788531987459783231335933079655933331007868514521776214306925423224053919918425920906378618061152847298
1211741258247388114239490957588874081953030313915822112689136965599215505421754581777455331953852117075439248862886968911244763784598395195078735158778195834364397632485638209024904119647765849335831389166020339694142576049289707275629583146321001899693740552586244433947984144471112238419291892236229329495415922142738651365158632453275261920758210899279852794565325215227966566639920605410054882419603824268178238295809376651080168791377197550811578853198745978323133593307965593333100786851452177621430692542322405391991842592090637861806115284729840
12117412582473881142394909575888740819530303139158221126891369655992155054217545817774553319538521170754392488628869689112447637845983951950787351587781958343643976324856382090249041196477658493358313891660203396941425760492897072756295831463210018996937405525862444339479841444711122384192918922362293294954159221427386513651586324532752619207582108992798527945653252152279665666399206054100548824196038242681782382958093766510801687913771975508115788531987459783231335933079655933331007868514521776214306925423224053919918425920906378618061152847298403
1211741258247388114239490957588874081953030313915822112689136965599215505421754581777455331953852117075439248862886968911244763784598395195078735158778195834364397632485638209024904119647765849335831389166020339694142576049289707275629583146321001899693740552586244433947984144471112238419291892236229329495415922142738651365158632453275261920758210899279852794565325215227966566639920605410054882419603824268178238295809376651080168791377197550811578853198745978323133593307965593333100786851452177621430692542322405391991842592090637861806115284729840325
121174125824738811423949095758887408195303031391582211268913696559921550542175458177745533195385211707543924886288696891124476378459839519507873515877819583436439763248563820902490411964776584933583138916602033969414257604928970727562958314632100189969374055258624443394798414447111223841929189223622932949541592214273865136515863245327526192075821089927985279456532521522796656663992060541005488241960382426817823829580937665108016879137719755081157885319874597832313359330796559333310078685145217762143069254232240539199184259209063786180611528472984032520
12117412582473881142394909575888740819530303139158221126891369655992155054217545817774553319538521170754392488628869689112447637845983951950787351587781958343643976324856382090249041196477658493358313891660203396941425760492897072756295831463210018996937405525862444339479841444711122384192918922362293294954159221427386513651586324532752619207582108992798527945653252152279665666399206054100548824196038242681782382958093766510801687913771975508115788531987459783231335933079655933331007868514521776214306925423224053919918425920906378618061152847298403252038
1211741258247388114239490957588874081953030313915822112689136965599215505421754581777455331953852117075439248862886968911244763784598395195078735158778195834364397632485638209024904119647765849335831389166020339694142576049289707275629583146321001899693740552586244433947984144471112238419291892236229329495415922142738651365158632453275261920758210899279852794565325215227966566639920605410054882419603824268178238295809376651080168791377197550811578853198745978323133593307965593333100786851452177621430692542322405391991842592090637861806115284729840325203886
121174125824738811423949095758887408195303031391582211268913696559921550542175458177745533195385211707543924886288696891124476378459839519507873515877819583436439763248563820902490411964776584933583138916602033969414257604928970727562958314632100189969374055258624443394798414447111223841929189223622932949541592214273865136515863245327526192075821089927985279456532521522796656663992060541005488241960382426817823829580937665108016879137719755081157885319874597832313359330796559333310078685145217762143069254232240539199184259209063786180611528472984032520388654
121174125824738811423949095758887408195303031391582211268913696559921550542175458177745533195385211707543924886288696891124476378459839519507873515877819583436439763248563820902490411964776584933583138916602033969414257604928970727562958314632100189969374055258624443394798414447111223841929189223622932949541592214273865136515863245327526192075821089927985279456532521522796656663992060541005488241960382426817823829580937665108016879137719755081157885319874597832313359330796559333310078685145217762143069254232240539199184259209063786180611528472984032520388654
121174125824738811423949095758887408195303031391582211268913696559921550542175458177745533195385211707543924886288696891124476378459839519507873515877819583436439763248563820902490411964776584933583138916602033969414257604928970727562958314632100189969374055258624443394798414447111223841929189223622932949541592214273865136515863245327526192075821089927985279456532521522796656663992060541005488241960382426817823829580937665108016879137719755081157885319874597832313359330796559333310078685145217762143069254232240539199184259209063786180611528472984032520388654
