56
55
18
56
92
68
17
22
55
8
67
38
34
3
91
92
22
18
4
25
39
74
74
75
73
59
26
65
56
02
35
70
30
99
33
65
9
94
98
65
19
89
25
11
18
9
97
7
53
97
29
6
55
14
19
87
36
82
20
62
20
30
23
55
6
88
10
71
28
93
27
39
53
94
12
17
95
92
11
25
39
2
78
70
87
31
07
68
29
07
2
64
34
68
34
85
53
08
11
09
28
37
7
92
75
72
35
0
04
64
7
73
03
8
58
69
1
04
83
62
31
4
1
61
90
63
9
2
75
80
76
544
52
33
03
71
84
99
69
20
68
88
7
73
81
32
8
58
88
15
55
66
72
8
53
63
52
36
67
0
66
37
63
83
9
8
59
36
65
86
17
20
95
70
95
92
0
76
8
9
76
19
60
53
64
19
26
54
23
3
61
32
96
13
89
09
76
96
59
66
1
30
09
00
07
33
64
04
98
544
98
22
68
53
04
72
68
60
25
12
67
26
39
24
37
10
09
54
24
5
02
13
57
11
53
1
9
94
25
59
12
29
75
32
18
93
12
76
75
77
93
7
74
13
09
93
77
77
544
12
02
95
89
65
11
06
58
74
03
69
86
7
66
84
9
73
53
35
28
69
36
4
34
07
12
05
24
05
59
62
81
63
2
84
7
69
64
72
20
98

