71
20
91
57
27
36
95
5
94
5
13
42
0
94
45
64
3
49
37
9
99
13
73
58
95
1
19
1
85
48
68
80
81
59
15
54
29
45
64
48
3
75
81
87
94
14
3
15
44
23
91
43
9
22
43
69
49
36
99
20
72
82
37
61
21
64
28
19
91
77
81
55
68
10
39
21
54
1
65
98
76
49
3
100
89
60
6
14
51
41
51
58
87
36
96
94
55
84
44
98
70
71
38
2
75
10
60
36
88
42
52
81
35
45
51
15
0
59
55
15
23
26
54
70
57
22
82
14
71
96
19
7
12
69
15
76
46
4
58
91
34
32
38
82
99
32
18
47
56
55
99
92
58
19
54
68
83
6
73
15
36
29
57
85
85
90
9
99
26
73
43
40
69
71
82
27
41
46
87
24
40
39
23
98
98
0
29
24
76
82
83
60
57
32
22
85
52
13
26
69
27
4
43
19
24
67
74
70
48
85
53
66
50
94
38
70
19
42
92
59
100
46
39
84
18
62
38
85
46
79
34
8
66
79
40
96
30
78
44
56
16
29
34
23
1
78
62
40
89
4
16
18
60
72
65
41
49
98
19
45
52
36
76
88
41
5
6
36
81
36
55
60
3
50
41
50
0
99
57
56
17
97
51
1
23
22
62
21
75
83
48
59
49
99
52
11
35
21
44
34
58
5
54
88
71
62
54
28
63
23
45
69
20
64
99
12
91
60
40
22
3
35
20
64
86
58
31
76
29
99
79
59
11
12
47
14
39
35
77
55
98
4
51
75
17
35
83
17
50
91
25
44
90
49
48
45
23
11
35
38
12
71
66
46
7
98
46
82
74
25
17
98
56
67
97
45
50
36
32
78
14
55
6
52
62
34
68
34
45
30
64
38
62
79
93
5
58
22
44
6
5
91
0
56
24
96
63
59
37
8
64
99
9
100
7
28
87
78
94
22
10
55
11
82
71
69
17
22
27
86
55
40
16
25
86
21
38
56
51
3
100
39
100
72
37
85
22
58
78
10
21
59
66
71
55
7
95
34
32
83
16
14
98
58
32
79
73
94
30
91
71
36
0
80
82
94
68
15
95
20
70
8
4
3
34
46
98
51
28
54
95
11
65
22
65
10
40
41
90
54
81
38
37
99
40
62
15
90
30
4
26
32
85
4
72
9
23
39
100
7
95
23
20
15
98
46
27
9
78
92
20
97
85
7
37
14
71
66
25
28
0
32
49
46
7
60
83
71
68
0
36
11
11
5
93
16
49
42
82
98
20
64
63
46
82
36
84
46
48
55
5
98
13
7
22
68
63
41
62
33
56
25
48
35
4
64
19
66
87
3
8
75
97
5
99
85
45
61
30
38
19
17
16
71
26
84
84
96
50
49
73
65
12
35
94
77
38
30
28
69
1
66
84
49
16
24
78
9
58
60
84
62
82
93
50
52
13
22
87
53
66
53
64
26
88
22
55
46
1
63
98
14
100
69
78
4
70
22
37
17
1
36
98
23
54
35
32
79
98
85
11
51
7
74
83
51
76
50
88
21
95
24
51
49
35
16
66
81
61
77
66
87
73
47
87
92
49
43
16
90
13
44
84
61
28
79
100
62
61
90
24
81
87
59
13
44
0
48
35
6
13
90
79
19
35
72
98
92
79
76
0
0
82
11
98
58
45
0
88
22
4
95
11
24
85
54
46
47
0
45
11
21
27
1
62
88
86
80
17
88
11
41
84
89
10
39
47
29
9
60
48
0
72
21
94
78
5
34
41
49
6
14
53
53
20
31
8
33
36
22
10
98
81
43
50
84
68
23
86
35
49
34
55
35
1
13
91
88
82
88
4
7
36
63
15
59
28
43
74
31
48
11
54
44
8
52
63
2
25
35
67
49
1
64
93
41
48
56
38
77
16
72
33
0
32
25
41
23
97
28
69
90
35
52
61
89
42
96
16
21
39
33
2
66
82
96
39
84
94
21
8
11
3
31
12
2
55
64
28
21
3
17
38
94
52
41
97
97
51
10
89
72
75
36
95
64
3
82
51
29
54
98
71
56
36
80
67
6
84
91
71
70
13
75
4
32
26
44
79
17
83
11
67
44
29
30
46
85
6
81
51
89
86
34
65
55
15
74
87
95
99
8
73
66
89
64
80
2
21
30
79
91
23
86
89
49
48
34
86
95
96
40
11
28
73
26
46
4
42
14
84
80
69
7
29
83
79
47
81
90
17
52
7
42
85
10
27
43
27
5
85
100
97
86
96
39
39
32
91
28
